p cnf 128 2285
c #### one port of a gate receives one connection
-1 -2 0
-1 -3 0
-1 -4 0
-1 -5 0
-6 -1 0
-3 -2 0
-6 -3 0
-6 -4 0
-6 -5 0
-7 -1 0
-4 -2 0
-7 -6 0
-4 -3 0
-7 -4 0
-7 -5 0
-8 -1 0
-5 -2 0
-8 -6 0
-5 -3 0
-8 -7 0
-5 -4 0
-8 -5 0
-9 -10 0
-9 -11 0
-9 -12 0
-9 -13 0
-9 -14 0
-15 -9 0
-11 -10 0
-15 -11 0
-15 -12 0
-15 -13 0
-15 -14 0
-16 -9 0
-12 -10 0
-16 -15 0
-12 -11 0
-16 -12 0
-16 -13 0
-16 -14 0
-17 -9 0
-13 -10 0
-17 -15 0
-13 -11 0
-17 -16 0
-13 -12 0
-17 -13 0
-17 -14 0
-18 -9 0
-14 -10 0
-18 -15 0
-14 -11 0
-18 -16 0
-14 -12 0
-18 -17 0
-14 -13 0
-18 -14 0
1 6 7 8 0
2 3 4 5 0
9 15 16 17 18 0
10 11 12 13 14 0
c #### one output of the circuit receives one connection
-19 -20 0
-21 -20 0
-21 -19 0
-22 -20 0
-22 -19 0
-22 -21 0
-23 -20 0
-23 -19 0
-23 -21 0
-23 -22 0
-24 -20 0
-24 -19 0
-24 -21 0
-24 -22 0
-24 -23 0
20 19 21 22 23 24 0
c #### input gate has input value
-25 0
26 0
-27 0
28 0
-29 0
30 0
-31 0
32 0
-33 0
34 0
-35 0
36 0
-37 0
38 0
-39 0
40 0
-41 0
-42 0
43 0
44 0
-45 0
-46 0
47 0
48 0
-49 0
-50 0
51 0
52 0
-53 0
-54 0
55 0
56 0
-57 0
-58 0
-59 0
-60 0
61 0
62 0
63 0
64 0
-65 0
-66 0
-67 0
-68 0
69 0
70 0
71 0
72 0
-73 0
-74 0
-75 0
-76 0
-77 0
-78 0
-79 0
-80 0
81 0
82 0
83 0
84 0
85 0
86 0
87 0
88 0
c #### internal gates produce calculated value
-6 -2 -41 -25 -89 90 0
-6 -2 -41 -25 89 -90 0
-6 -2 -41 25 -89 91 0
-6 -2 -41 25 89 -91 0
-6 -2 41 -25 -89 92 0
-6 -2 41 -25 89 -92 0
-6 -2 41 25 -89 93 0
-6 -2 41 25 89 -93 0
-6 -2 -42 -26 -94 90 0
-6 -2 -42 -26 94 -90 0
-6 -2 -42 26 -94 91 0
-6 -2 -42 26 94 -91 0
-6 -2 42 -26 -94 92 0
-6 -2 42 -26 94 -92 0
-6 -2 42 26 -94 93 0
-6 -2 42 26 94 -93 0
-6 -2 -43 -27 -95 90 0
-6 -2 -43 -27 95 -90 0
-6 -2 -43 27 -95 91 0
-6 -2 -43 27 95 -91 0
-6 -2 43 -27 -95 92 0
-6 -2 43 -27 95 -92 0
-6 -2 43 27 -95 93 0
-6 -2 43 27 95 -93 0
-6 -2 -44 -28 -96 90 0
-6 -2 -44 -28 96 -90 0
-6 -2 -44 28 -96 91 0
-6 -2 -44 28 96 -91 0
-6 -2 44 -28 -96 92 0
-6 -2 44 -28 96 -92 0
-6 -2 44 28 -96 93 0
-6 -2 44 28 96 -93 0
-6 -2 -45 -29 -97 90 0
-6 -2 -45 -29 97 -90 0
-6 -2 -45 29 -97 91 0
-6 -2 -45 29 97 -91 0
-6 -2 45 -29 -97 92 0
-6 -2 45 -29 97 -92 0
-6 -2 45 29 -97 93 0
-6 -2 45 29 97 -93 0
-6 -2 -46 -30 -98 90 0
-6 -2 -46 -30 98 -90 0
-6 -2 -46 30 -98 91 0
-6 -2 -46 30 98 -91 0
-6 -2 46 -30 -98 92 0
-6 -2 46 -30 98 -92 0
-6 -2 46 30 -98 93 0
-6 -2 46 30 98 -93 0
-6 -2 -47 -31 -99 90 0
-6 -2 -47 -31 99 -90 0
-6 -2 -47 31 -99 91 0
-6 -2 -47 31 99 -91 0
-6 -2 47 -31 -99 92 0
-6 -2 47 -31 99 -92 0
-6 -2 47 31 -99 93 0
-6 -2 47 31 99 -93 0
-6 -2 -48 -32 -100 90 0
-6 -2 -48 -32 100 -90 0
-6 -2 -48 32 -100 91 0
-6 -2 -48 32 100 -91 0
-6 -2 48 -32 -100 92 0
-6 -2 48 -32 100 -92 0
-6 -2 48 32 -100 93 0
-6 -2 48 32 100 -93 0
-6 -2 -49 -33 -101 90 0
-6 -2 -49 -33 101 -90 0
-6 -2 -49 33 -101 91 0
-6 -2 -49 33 101 -91 0
-6 -2 49 -33 -101 92 0
-6 -2 49 -33 101 -92 0
-6 -2 49 33 -101 93 0
-6 -2 49 33 101 -93 0
-6 -2 -50 -34 -102 90 0
-6 -2 -50 -34 102 -90 0
-6 -2 -50 34 -102 91 0
-6 -2 -50 34 102 -91 0
-6 -2 50 -34 -102 92 0
-6 -2 50 -34 102 -92 0
-6 -2 50 34 -102 93 0
-6 -2 50 34 102 -93 0
-6 -2 -51 -35 -103 90 0
-6 -2 -51 -35 103 -90 0
-6 -2 -51 35 -103 91 0
-6 -2 -51 35 103 -91 0
-6 -2 51 -35 -103 92 0
-6 -2 51 -35 103 -92 0
-6 -2 51 35 -103 93 0
-6 -2 51 35 103 -93 0
-6 -2 -52 -36 -104 90 0
-6 -2 -52 -36 104 -90 0
-6 -2 -52 36 -104 91 0
-6 -2 -52 36 104 -91 0
-6 -2 52 -36 -104 92 0
-6 -2 52 -36 104 -92 0
-6 -2 52 36 -104 93 0
-6 -2 52 36 104 -93 0
-6 -2 -53 -37 -105 90 0
-6 -2 -53 -37 105 -90 0
-6 -2 -53 37 -105 91 0
-6 -2 -53 37 105 -91 0
-6 -2 53 -37 -105 92 0
-6 -2 53 -37 105 -92 0
-6 -2 53 37 -105 93 0
-6 -2 53 37 105 -93 0
-6 -2 -54 -38 -106 90 0
-6 -2 -54 -38 106 -90 0
-6 -2 -54 38 -106 91 0
-6 -2 -54 38 106 -91 0
-6 -2 54 -38 -106 92 0
-6 -2 54 -38 106 -92 0
-6 -2 54 38 -106 93 0
-6 -2 54 38 106 -93 0
-6 -2 -55 -39 -107 90 0
-6 -2 -55 -39 107 -90 0
-6 -2 -55 39 -107 91 0
-6 -2 -55 39 107 -91 0
-6 -2 55 -39 -107 92 0
-6 -2 55 -39 107 -92 0
-6 -2 55 39 -107 93 0
-6 -2 55 39 107 -93 0
-6 -2 -56 -40 -108 90 0
-6 -2 -56 -40 108 -90 0
-6 -2 -56 40 -108 91 0
-6 -2 -56 40 108 -91 0
-6 -2 56 -40 -108 92 0
-6 -2 56 -40 108 -92 0
-6 -2 56 40 -108 93 0
-6 -2 56 40 108 -93 0
-7 -2 -57 -25 -89 90 0
-7 -2 -57 -25 89 -90 0
-7 -2 -57 25 -89 91 0
-7 -2 -57 25 89 -91 0
-7 -2 57 -25 -89 92 0
-7 -2 57 -25 89 -92 0
-7 -2 57 25 -89 93 0
-7 -2 57 25 89 -93 0
-7 -2 -58 -26 -94 90 0
-7 -2 -58 -26 94 -90 0
-7 -2 -58 26 -94 91 0
-7 -2 -58 26 94 -91 0
-7 -2 58 -26 -94 92 0
-7 -2 58 -26 94 -92 0
-7 -2 58 26 -94 93 0
-7 -2 58 26 94 -93 0
-7 -2 -59 -27 -95 90 0
-7 -2 -59 -27 95 -90 0
-7 -2 -59 27 -95 91 0
-7 -2 -59 27 95 -91 0
-7 -2 59 -27 -95 92 0
-7 -2 59 -27 95 -92 0
-7 -2 59 27 -95 93 0
-7 -2 59 27 95 -93 0
-7 -2 -60 -28 -96 90 0
-7 -2 -60 -28 96 -90 0
-7 -2 -60 28 -96 91 0
-7 -2 -60 28 96 -91 0
-7 -2 60 -28 -96 92 0
-7 -2 60 -28 96 -92 0
-7 -2 60 28 -96 93 0
-7 -2 60 28 96 -93 0
-7 -2 -61 -29 -97 90 0
-7 -2 -61 -29 97 -90 0
-7 -2 -61 29 -97 91 0
-7 -2 -61 29 97 -91 0
-7 -2 61 -29 -97 92 0
-7 -2 61 -29 97 -92 0
-7 -2 61 29 -97 93 0
-7 -2 61 29 97 -93 0
-7 -2 -62 -30 -98 90 0
-7 -2 -62 -30 98 -90 0
-7 -2 -62 30 -98 91 0
-7 -2 -62 30 98 -91 0
-7 -2 62 -30 -98 92 0
-7 -2 62 -30 98 -92 0
-7 -2 62 30 -98 93 0
-7 -2 62 30 98 -93 0
-7 -2 -63 -31 -99 90 0
-7 -2 -63 -31 99 -90 0
-7 -2 -63 31 -99 91 0
-7 -2 -63 31 99 -91 0
-7 -2 63 -31 -99 92 0
-7 -2 63 -31 99 -92 0
-7 -2 63 31 -99 93 0
-7 -2 63 31 99 -93 0
-7 -2 -64 -32 -100 90 0
-7 -2 -64 -32 100 -90 0
-7 -2 -64 32 -100 91 0
-7 -2 -64 32 100 -91 0
-7 -2 64 -32 -100 92 0
-7 -2 64 -32 100 -92 0
-7 -2 64 32 -100 93 0
-7 -2 64 32 100 -93 0
-7 -2 -65 -33 -101 90 0
-7 -2 -65 -33 101 -90 0
-7 -2 -65 33 -101 91 0
-7 -2 -65 33 101 -91 0
-7 -2 65 -33 -101 92 0
-7 -2 65 -33 101 -92 0
-7 -2 65 33 -101 93 0
-7 -2 65 33 101 -93 0
-7 -2 -66 -34 -102 90 0
-7 -2 -66 -34 102 -90 0
-7 -2 -66 34 -102 91 0
-7 -2 -66 34 102 -91 0
-7 -2 66 -34 -102 92 0
-7 -2 66 -34 102 -92 0
-7 -2 66 34 -102 93 0
-7 -2 66 34 102 -93 0
-7 -2 -67 -35 -103 90 0
-7 -2 -67 -35 103 -90 0
-7 -2 -67 35 -103 91 0
-7 -2 -67 35 103 -91 0
-7 -2 67 -35 -103 92 0
-7 -2 67 -35 103 -92 0
-7 -2 67 35 -103 93 0
-7 -2 67 35 103 -93 0
-7 -2 -68 -36 -104 90 0
-7 -2 -68 -36 104 -90 0
-7 -2 -68 36 -104 91 0
-7 -2 -68 36 104 -91 0
-7 -2 68 -36 -104 92 0
-7 -2 68 -36 104 -92 0
-7 -2 68 36 -104 93 0
-7 -2 68 36 104 -93 0
-7 -2 -69 -37 -105 90 0
-7 -2 -69 -37 105 -90 0
-7 -2 -69 37 -105 91 0
-7 -2 -69 37 105 -91 0
-7 -2 69 -37 -105 92 0
-7 -2 69 -37 105 -92 0
-7 -2 69 37 -105 93 0
-7 -2 69 37 105 -93 0
-7 -2 -70 -38 -106 90 0
-7 -2 -70 -38 106 -90 0
-7 -2 -70 38 -106 91 0
-7 -2 -70 38 106 -91 0
-7 -2 70 -38 -106 92 0
-7 -2 70 -38 106 -92 0
-7 -2 70 38 -106 93 0
-7 -2 70 38 106 -93 0
-7 -2 -71 -39 -107 90 0
-7 -2 -71 -39 107 -90 0
-7 -2 -71 39 -107 91 0
-7 -2 -71 39 107 -91 0
-7 -2 71 -39 -107 92 0
-7 -2 71 -39 107 -92 0
-7 -2 71 39 -107 93 0
-7 -2 71 39 107 -93 0
-7 -2 -72 -40 -108 90 0
-7 -2 -72 -40 108 -90 0
-7 -2 -72 40 -108 91 0
-7 -2 -72 40 108 -91 0
-7 -2 72 -40 -108 92 0
-7 -2 72 -40 108 -92 0
-7 -2 72 40 -108 93 0
-7 -2 72 40 108 -93 0
-7 -3 -57 -41 -89 90 0
-7 -3 -57 -41 89 -90 0
-7 -3 -57 41 -89 91 0
-7 -3 -57 41 89 -91 0
-7 -3 57 -41 -89 92 0
-7 -3 57 -41 89 -92 0
-7 -3 57 41 -89 93 0
-7 -3 57 41 89 -93 0
-7 -3 -58 -42 -94 90 0
-7 -3 -58 -42 94 -90 0
-7 -3 -58 42 -94 91 0
-7 -3 -58 42 94 -91 0
-7 -3 58 -42 -94 92 0
-7 -3 58 -42 94 -92 0
-7 -3 58 42 -94 93 0
-7 -3 58 42 94 -93 0
-7 -3 -59 -43 -95 90 0
-7 -3 -59 -43 95 -90 0
-7 -3 -59 43 -95 91 0
-7 -3 -59 43 95 -91 0
-7 -3 59 -43 -95 92 0
-7 -3 59 -43 95 -92 0
-7 -3 59 43 -95 93 0
-7 -3 59 43 95 -93 0
-7 -3 -60 -44 -96 90 0
-7 -3 -60 -44 96 -90 0
-7 -3 -60 44 -96 91 0
-7 -3 -60 44 96 -91 0
-7 -3 60 -44 -96 92 0
-7 -3 60 -44 96 -92 0
-7 -3 60 44 -96 93 0
-7 -3 60 44 96 -93 0
-7 -3 -61 -45 -97 90 0
-7 -3 -61 -45 97 -90 0
-7 -3 -61 45 -97 91 0
-7 -3 -61 45 97 -91 0
-7 -3 61 -45 -97 92 0
-7 -3 61 -45 97 -92 0
-7 -3 61 45 -97 93 0
-7 -3 61 45 97 -93 0
-7 -3 -62 -46 -98 90 0
-7 -3 -62 -46 98 -90 0
-7 -3 -62 46 -98 91 0
-7 -3 -62 46 98 -91 0
-7 -3 62 -46 -98 92 0
-7 -3 62 -46 98 -92 0
-7 -3 62 46 -98 93 0
-7 -3 62 46 98 -93 0
-7 -3 -63 -47 -99 90 0
-7 -3 -63 -47 99 -90 0
-7 -3 -63 47 -99 91 0
-7 -3 -63 47 99 -91 0
-7 -3 63 -47 -99 92 0
-7 -3 63 -47 99 -92 0
-7 -3 63 47 -99 93 0
-7 -3 63 47 99 -93 0
-7 -3 -64 -48 -100 90 0
-7 -3 -64 -48 100 -90 0
-7 -3 -64 48 -100 91 0
-7 -3 -64 48 100 -91 0
-7 -3 64 -48 -100 92 0
-7 -3 64 -48 100 -92 0
-7 -3 64 48 -100 93 0
-7 -3 64 48 100 -93 0
-7 -3 -65 -49 -101 90 0
-7 -3 -65 -49 101 -90 0
-7 -3 -65 49 -101 91 0
-7 -3 -65 49 101 -91 0
-7 -3 65 -49 -101 92 0
-7 -3 65 -49 101 -92 0
-7 -3 65 49 -101 93 0
-7 -3 65 49 101 -93 0
-7 -3 -66 -50 -102 90 0
-7 -3 -66 -50 102 -90 0
-7 -3 -66 50 -102 91 0
-7 -3 -66 50 102 -91 0
-7 -3 66 -50 -102 92 0
-7 -3 66 -50 102 -92 0
-7 -3 66 50 -102 93 0
-7 -3 66 50 102 -93 0
-7 -3 -67 -51 -103 90 0
-7 -3 -67 -51 103 -90 0
-7 -3 -67 51 -103 91 0
-7 -3 -67 51 103 -91 0
-7 -3 67 -51 -103 92 0
-7 -3 67 -51 103 -92 0
-7 -3 67 51 -103 93 0
-7 -3 67 51 103 -93 0
-7 -3 -68 -52 -104 90 0
-7 -3 -68 -52 104 -90 0
-7 -3 -68 52 -104 91 0
-7 -3 -68 52 104 -91 0
-7 -3 68 -52 -104 92 0
-7 -3 68 -52 104 -92 0
-7 -3 68 52 -104 93 0
-7 -3 68 52 104 -93 0
-7 -3 -69 -53 -105 90 0
-7 -3 -69 -53 105 -90 0
-7 -3 -69 53 -105 91 0
-7 -3 -69 53 105 -91 0
-7 -3 69 -53 -105 92 0
-7 -3 69 -53 105 -92 0
-7 -3 69 53 -105 93 0
-7 -3 69 53 105 -93 0
-7 -3 -70 -54 -106 90 0
-7 -3 -70 -54 106 -90 0
-7 -3 -70 54 -106 91 0
-7 -3 -70 54 106 -91 0
-7 -3 70 -54 -106 92 0
-7 -3 70 -54 106 -92 0
-7 -3 70 54 -106 93 0
-7 -3 70 54 106 -93 0
-7 -3 -71 -55 -107 90 0
-7 -3 -71 -55 107 -90 0
-7 -3 -71 55 -107 91 0
-7 -3 -71 55 107 -91 0
-7 -3 71 -55 -107 92 0
-7 -3 71 -55 107 -92 0
-7 -3 71 55 -107 93 0
-7 -3 71 55 107 -93 0
-7 -3 -72 -56 -108 90 0
-7 -3 -72 -56 108 -90 0
-7 -3 -72 56 -108 91 0
-7 -3 -72 56 108 -91 0
-7 -3 72 -56 -108 92 0
-7 -3 72 -56 108 -92 0
-7 -3 72 56 -108 93 0
-7 -3 72 56 108 -93 0
-8 -2 -73 -25 -89 90 0
-8 -2 -73 -25 89 -90 0
-8 -2 -73 25 -89 91 0
-8 -2 -73 25 89 -91 0
-8 -2 73 -25 -89 92 0
-8 -2 73 -25 89 -92 0
-8 -2 73 25 -89 93 0
-8 -2 73 25 89 -93 0
-8 -2 -74 -26 -94 90 0
-8 -2 -74 -26 94 -90 0
-8 -2 -74 26 -94 91 0
-8 -2 -74 26 94 -91 0
-8 -2 74 -26 -94 92 0
-8 -2 74 -26 94 -92 0
-8 -2 74 26 -94 93 0
-8 -2 74 26 94 -93 0
-8 -2 -75 -27 -95 90 0
-8 -2 -75 -27 95 -90 0
-8 -2 -75 27 -95 91 0
-8 -2 -75 27 95 -91 0
-8 -2 75 -27 -95 92 0
-8 -2 75 -27 95 -92 0
-8 -2 75 27 -95 93 0
-8 -2 75 27 95 -93 0
-8 -2 -76 -28 -96 90 0
-8 -2 -76 -28 96 -90 0
-8 -2 -76 28 -96 91 0
-8 -2 -76 28 96 -91 0
-8 -2 76 -28 -96 92 0
-8 -2 76 -28 96 -92 0
-8 -2 76 28 -96 93 0
-8 -2 76 28 96 -93 0
-8 -2 -77 -29 -97 90 0
-8 -2 -77 -29 97 -90 0
-8 -2 -77 29 -97 91 0
-8 -2 -77 29 97 -91 0
-8 -2 77 -29 -97 92 0
-8 -2 77 -29 97 -92 0
-8 -2 77 29 -97 93 0
-8 -2 77 29 97 -93 0
-8 -2 -78 -30 -98 90 0
-8 -2 -78 -30 98 -90 0
-8 -2 -78 30 -98 91 0
-8 -2 -78 30 98 -91 0
-8 -2 78 -30 -98 92 0
-8 -2 78 -30 98 -92 0
-8 -2 78 30 -98 93 0
-8 -2 78 30 98 -93 0
-8 -2 -79 -31 -99 90 0
-8 -2 -79 -31 99 -90 0
-8 -2 -79 31 -99 91 0
-8 -2 -79 31 99 -91 0
-8 -2 79 -31 -99 92 0
-8 -2 79 -31 99 -92 0
-8 -2 79 31 -99 93 0
-8 -2 79 31 99 -93 0
-8 -2 -80 -32 -100 90 0
-8 -2 -80 -32 100 -90 0
-8 -2 -80 32 -100 91 0
-8 -2 -80 32 100 -91 0
-8 -2 80 -32 -100 92 0
-8 -2 80 -32 100 -92 0
-8 -2 80 32 -100 93 0
-8 -2 80 32 100 -93 0
-8 -2 -81 -33 -101 90 0
-8 -2 -81 -33 101 -90 0
-8 -2 -81 33 -101 91 0
-8 -2 -81 33 101 -91 0
-8 -2 81 -33 -101 92 0
-8 -2 81 -33 101 -92 0
-8 -2 81 33 -101 93 0
-8 -2 81 33 101 -93 0
-8 -2 -82 -34 -102 90 0
-8 -2 -82 -34 102 -90 0
-8 -2 -82 34 -102 91 0
-8 -2 -82 34 102 -91 0
-8 -2 82 -34 -102 92 0
-8 -2 82 -34 102 -92 0
-8 -2 82 34 -102 93 0
-8 -2 82 34 102 -93 0
-8 -2 -83 -35 -103 90 0
-8 -2 -83 -35 103 -90 0
-8 -2 -83 35 -103 91 0
-8 -2 -83 35 103 -91 0
-8 -2 83 -35 -103 92 0
-8 -2 83 -35 103 -92 0
-8 -2 83 35 -103 93 0
-8 -2 83 35 103 -93 0
-8 -2 -84 -36 -104 90 0
-8 -2 -84 -36 104 -90 0
-8 -2 -84 36 -104 91 0
-8 -2 -84 36 104 -91 0
-8 -2 84 -36 -104 92 0
-8 -2 84 -36 104 -92 0
-8 -2 84 36 -104 93 0
-8 -2 84 36 104 -93 0
-8 -2 -85 -37 -105 90 0
-8 -2 -85 -37 105 -90 0
-8 -2 -85 37 -105 91 0
-8 -2 -85 37 105 -91 0
-8 -2 85 -37 -105 92 0
-8 -2 85 -37 105 -92 0
-8 -2 85 37 -105 93 0
-8 -2 85 37 105 -93 0
-8 -2 -86 -38 -106 90 0
-8 -2 -86 -38 106 -90 0
-8 -2 -86 38 -106 91 0
-8 -2 -86 38 106 -91 0
-8 -2 86 -38 -106 92 0
-8 -2 86 -38 106 -92 0
-8 -2 86 38 -106 93 0
-8 -2 86 38 106 -93 0
-8 -2 -87 -39 -107 90 0
-8 -2 -87 -39 107 -90 0
-8 -2 -87 39 -107 91 0
-8 -2 -87 39 107 -91 0
-8 -2 87 -39 -107 92 0
-8 -2 87 -39 107 -92 0
-8 -2 87 39 -107 93 0
-8 -2 87 39 107 -93 0
-8 -2 -88 -40 -108 90 0
-8 -2 -88 -40 108 -90 0
-8 -2 -88 40 -108 91 0
-8 -2 -88 40 108 -91 0
-8 -2 88 -40 -108 92 0
-8 -2 88 -40 108 -92 0
-8 -2 88 40 -108 93 0
-8 -2 88 40 108 -93 0
-8 -3 -73 -41 -89 90 0
-8 -3 -73 -41 89 -90 0
-8 -3 -73 41 -89 91 0
-8 -3 -73 41 89 -91 0
-8 -3 73 -41 -89 92 0
-8 -3 73 -41 89 -92 0
-8 -3 73 41 -89 93 0
-8 -3 73 41 89 -93 0
-8 -3 -74 -42 -94 90 0
-8 -3 -74 -42 94 -90 0
-8 -3 -74 42 -94 91 0
-8 -3 -74 42 94 -91 0
-8 -3 74 -42 -94 92 0
-8 -3 74 -42 94 -92 0
-8 -3 74 42 -94 93 0
-8 -3 74 42 94 -93 0
-8 -3 -75 -43 -95 90 0
-8 -3 -75 -43 95 -90 0
-8 -3 -75 43 -95 91 0
-8 -3 -75 43 95 -91 0
-8 -3 75 -43 -95 92 0
-8 -3 75 -43 95 -92 0
-8 -3 75 43 -95 93 0
-8 -3 75 43 95 -93 0
-8 -3 -76 -44 -96 90 0
-8 -3 -76 -44 96 -90 0
-8 -3 -76 44 -96 91 0
-8 -3 -76 44 96 -91 0
-8 -3 76 -44 -96 92 0
-8 -3 76 -44 96 -92 0
-8 -3 76 44 -96 93 0
-8 -3 76 44 96 -93 0
-8 -3 -77 -45 -97 90 0
-8 -3 -77 -45 97 -90 0
-8 -3 -77 45 -97 91 0
-8 -3 -77 45 97 -91 0
-8 -3 77 -45 -97 92 0
-8 -3 77 -45 97 -92 0
-8 -3 77 45 -97 93 0
-8 -3 77 45 97 -93 0
-8 -3 -78 -46 -98 90 0
-8 -3 -78 -46 98 -90 0
-8 -3 -78 46 -98 91 0
-8 -3 -78 46 98 -91 0
-8 -3 78 -46 -98 92 0
-8 -3 78 -46 98 -92 0
-8 -3 78 46 -98 93 0
-8 -3 78 46 98 -93 0
-8 -3 -79 -47 -99 90 0
-8 -3 -79 -47 99 -90 0
-8 -3 -79 47 -99 91 0
-8 -3 -79 47 99 -91 0
-8 -3 79 -47 -99 92 0
-8 -3 79 -47 99 -92 0
-8 -3 79 47 -99 93 0
-8 -3 79 47 99 -93 0
-8 -3 -80 -48 -100 90 0
-8 -3 -80 -48 100 -90 0
-8 -3 -80 48 -100 91 0
-8 -3 -80 48 100 -91 0
-8 -3 80 -48 -100 92 0
-8 -3 80 -48 100 -92 0
-8 -3 80 48 -100 93 0
-8 -3 80 48 100 -93 0
-8 -3 -81 -49 -101 90 0
-8 -3 -81 -49 101 -90 0
-8 -3 -81 49 -101 91 0
-8 -3 -81 49 101 -91 0
-8 -3 81 -49 -101 92 0
-8 -3 81 -49 101 -92 0
-8 -3 81 49 -101 93 0
-8 -3 81 49 101 -93 0
-8 -3 -82 -50 -102 90 0
-8 -3 -82 -50 102 -90 0
-8 -3 -82 50 -102 91 0
-8 -3 -82 50 102 -91 0
-8 -3 82 -50 -102 92 0
-8 -3 82 -50 102 -92 0
-8 -3 82 50 -102 93 0
-8 -3 82 50 102 -93 0
-8 -3 -83 -51 -103 90 0
-8 -3 -83 -51 103 -90 0
-8 -3 -83 51 -103 91 0
-8 -3 -83 51 103 -91 0
-8 -3 83 -51 -103 92 0
-8 -3 83 -51 103 -92 0
-8 -3 83 51 -103 93 0
-8 -3 83 51 103 -93 0
-8 -3 -84 -52 -104 90 0
-8 -3 -84 -52 104 -90 0
-8 -3 -84 52 -104 91 0
-8 -3 -84 52 104 -91 0
-8 -3 84 -52 -104 92 0
-8 -3 84 -52 104 -92 0
-8 -3 84 52 -104 93 0
-8 -3 84 52 104 -93 0
-8 -3 -85 -53 -105 90 0
-8 -3 -85 -53 105 -90 0
-8 -3 -85 53 -105 91 0
-8 -3 -85 53 105 -91 0
-8 -3 85 -53 -105 92 0
-8 -3 85 -53 105 -92 0
-8 -3 85 53 -105 93 0
-8 -3 85 53 105 -93 0
-8 -3 -86 -54 -106 90 0
-8 -3 -86 -54 106 -90 0
-8 -3 -86 54 -106 91 0
-8 -3 -86 54 106 -91 0
-8 -3 86 -54 -106 92 0
-8 -3 86 -54 106 -92 0
-8 -3 86 54 -106 93 0
-8 -3 86 54 106 -93 0
-8 -3 -87 -55 -107 90 0
-8 -3 -87 -55 107 -90 0
-8 -3 -87 55 -107 91 0
-8 -3 -87 55 107 -91 0
-8 -3 87 -55 -107 92 0
-8 -3 87 -55 107 -92 0
-8 -3 87 55 -107 93 0
-8 -3 87 55 107 -93 0
-8 -3 -88 -56 -108 90 0
-8 -3 -88 -56 108 -90 0
-8 -3 -88 56 -108 91 0
-8 -3 -88 56 108 -91 0
-8 -3 88 -56 -108 92 0
-8 -3 88 -56 108 -92 0
-8 -3 88 56 -108 93 0
-8 -3 88 56 108 -93 0
-8 -4 -73 -57 -89 90 0
-8 -4 -73 -57 89 -90 0
-8 -4 -73 57 -89 91 0
-8 -4 -73 57 89 -91 0
-8 -4 73 -57 -89 92 0
-8 -4 73 -57 89 -92 0
-8 -4 73 57 -89 93 0
-8 -4 73 57 89 -93 0
-8 -4 -74 -58 -94 90 0
-8 -4 -74 -58 94 -90 0
-8 -4 -74 58 -94 91 0
-8 -4 -74 58 94 -91 0
-8 -4 74 -58 -94 92 0
-8 -4 74 -58 94 -92 0
-8 -4 74 58 -94 93 0
-8 -4 74 58 94 -93 0
-8 -4 -75 -59 -95 90 0
-8 -4 -75 -59 95 -90 0
-8 -4 -75 59 -95 91 0
-8 -4 -75 59 95 -91 0
-8 -4 75 -59 -95 92 0
-8 -4 75 -59 95 -92 0
-8 -4 75 59 -95 93 0
-8 -4 75 59 95 -93 0
-8 -4 -76 -60 -96 90 0
-8 -4 -76 -60 96 -90 0
-8 -4 -76 60 -96 91 0
-8 -4 -76 60 96 -91 0
-8 -4 76 -60 -96 92 0
-8 -4 76 -60 96 -92 0
-8 -4 76 60 -96 93 0
-8 -4 76 60 96 -93 0
-8 -4 -77 -61 -97 90 0
-8 -4 -77 -61 97 -90 0
-8 -4 -77 61 -97 91 0
-8 -4 -77 61 97 -91 0
-8 -4 77 -61 -97 92 0
-8 -4 77 -61 97 -92 0
-8 -4 77 61 -97 93 0
-8 -4 77 61 97 -93 0
-8 -4 -78 -62 -98 90 0
-8 -4 -78 -62 98 -90 0
-8 -4 -78 62 -98 91 0
-8 -4 -78 62 98 -91 0
-8 -4 78 -62 -98 92 0
-8 -4 78 -62 98 -92 0
-8 -4 78 62 -98 93 0
-8 -4 78 62 98 -93 0
-8 -4 -79 -63 -99 90 0
-8 -4 -79 -63 99 -90 0
-8 -4 -79 63 -99 91 0
-8 -4 -79 63 99 -91 0
-8 -4 79 -63 -99 92 0
-8 -4 79 -63 99 -92 0
-8 -4 79 63 -99 93 0
-8 -4 79 63 99 -93 0
-8 -4 -80 -64 -100 90 0
-8 -4 -80 -64 100 -90 0
-8 -4 -80 64 -100 91 0
-8 -4 -80 64 100 -91 0
-8 -4 80 -64 -100 92 0
-8 -4 80 -64 100 -92 0
-8 -4 80 64 -100 93 0
-8 -4 80 64 100 -93 0
-8 -4 -81 -65 -101 90 0
-8 -4 -81 -65 101 -90 0
-8 -4 -81 65 -101 91 0
-8 -4 -81 65 101 -91 0
-8 -4 81 -65 -101 92 0
-8 -4 81 -65 101 -92 0
-8 -4 81 65 -101 93 0
-8 -4 81 65 101 -93 0
-8 -4 -82 -66 -102 90 0
-8 -4 -82 -66 102 -90 0
-8 -4 -82 66 -102 91 0
-8 -4 -82 66 102 -91 0
-8 -4 82 -66 -102 92 0
-8 -4 82 -66 102 -92 0
-8 -4 82 66 -102 93 0
-8 -4 82 66 102 -93 0
-8 -4 -83 -67 -103 90 0
-8 -4 -83 -67 103 -90 0
-8 -4 -83 67 -103 91 0
-8 -4 -83 67 103 -91 0
-8 -4 83 -67 -103 92 0
-8 -4 83 -67 103 -92 0
-8 -4 83 67 -103 93 0
-8 -4 83 67 103 -93 0
-8 -4 -84 -68 -104 90 0
-8 -4 -84 -68 104 -90 0
-8 -4 -84 68 -104 91 0
-8 -4 -84 68 104 -91 0
-8 -4 84 -68 -104 92 0
-8 -4 84 -68 104 -92 0
-8 -4 84 68 -104 93 0
-8 -4 84 68 104 -93 0
-8 -4 -85 -69 -105 90 0
-8 -4 -85 -69 105 -90 0
-8 -4 -85 69 -105 91 0
-8 -4 -85 69 105 -91 0
-8 -4 85 -69 -105 92 0
-8 -4 85 -69 105 -92 0
-8 -4 85 69 -105 93 0
-8 -4 85 69 105 -93 0
-8 -4 -86 -70 -106 90 0
-8 -4 -86 -70 106 -90 0
-8 -4 -86 70 -106 91 0
-8 -4 -86 70 106 -91 0
-8 -4 86 -70 -106 92 0
-8 -4 86 -70 106 -92 0
-8 -4 86 70 -106 93 0
-8 -4 86 70 106 -93 0
-8 -4 -87 -71 -107 90 0
-8 -4 -87 -71 107 -90 0
-8 -4 -87 71 -107 91 0
-8 -4 -87 71 107 -91 0
-8 -4 87 -71 -107 92 0
-8 -4 87 -71 107 -92 0
-8 -4 87 71 -107 93 0
-8 -4 87 71 107 -93 0
-8 -4 -88 -72 -108 90 0
-8 -4 -88 -72 108 -90 0
-8 -4 -88 72 -108 91 0
-8 -4 -88 72 108 -91 0
-8 -4 88 -72 -108 92 0
-8 -4 88 -72 108 -92 0
-8 -4 88 72 -108 93 0
-8 -4 88 72 108 -93 0
-15 -10 -41 -25 -109 110 0
-15 -10 -41 -25 109 -110 0
-15 -10 -41 25 -109 111 0
-15 -10 -41 25 109 -111 0
-15 -10 41 -25 -109 112 0
-15 -10 41 -25 109 -112 0
-15 -10 41 25 -109 113 0
-15 -10 41 25 109 -113 0
-15 -10 -42 -26 -114 110 0
-15 -10 -42 -26 114 -110 0
-15 -10 -42 26 -114 111 0
-15 -10 -42 26 114 -111 0
-15 -10 42 -26 -114 112 0
-15 -10 42 -26 114 -112 0
-15 -10 42 26 -114 113 0
-15 -10 42 26 114 -113 0
-15 -10 -43 -27 -115 110 0
-15 -10 -43 -27 115 -110 0
-15 -10 -43 27 -115 111 0
-15 -10 -43 27 115 -111 0
-15 -10 43 -27 -115 112 0
-15 -10 43 -27 115 -112 0
-15 -10 43 27 -115 113 0
-15 -10 43 27 115 -113 0
-15 -10 -44 -28 -116 110 0
-15 -10 -44 -28 116 -110 0
-15 -10 -44 28 -116 111 0
-15 -10 -44 28 116 -111 0
-15 -10 44 -28 -116 112 0
-15 -10 44 -28 116 -112 0
-15 -10 44 28 -116 113 0
-15 -10 44 28 116 -113 0
-15 -10 -45 -29 -117 110 0
-15 -10 -45 -29 117 -110 0
-15 -10 -45 29 -117 111 0
-15 -10 -45 29 117 -111 0
-15 -10 45 -29 -117 112 0
-15 -10 45 -29 117 -112 0
-15 -10 45 29 -117 113 0
-15 -10 45 29 117 -113 0
-15 -10 -46 -30 -118 110 0
-15 -10 -46 -30 118 -110 0
-15 -10 -46 30 -118 111 0
-15 -10 -46 30 118 -111 0
-15 -10 46 -30 -118 112 0
-15 -10 46 -30 118 -112 0
-15 -10 46 30 -118 113 0
-15 -10 46 30 118 -113 0
-15 -10 -47 -31 -119 110 0
-15 -10 -47 -31 119 -110 0
-15 -10 -47 31 -119 111 0
-15 -10 -47 31 119 -111 0
-15 -10 47 -31 -119 112 0
-15 -10 47 -31 119 -112 0
-15 -10 47 31 -119 113 0
-15 -10 47 31 119 -113 0
-15 -10 -48 -32 -120 110 0
-15 -10 -48 -32 120 -110 0
-15 -10 -48 32 -120 111 0
-15 -10 -48 32 120 -111 0
-15 -10 48 -32 -120 112 0
-15 -10 48 -32 120 -112 0
-15 -10 48 32 -120 113 0
-15 -10 48 32 120 -113 0
-15 -10 -49 -33 -121 110 0
-15 -10 -49 -33 121 -110 0
-15 -10 -49 33 -121 111 0
-15 -10 -49 33 121 -111 0
-15 -10 49 -33 -121 112 0
-15 -10 49 -33 121 -112 0
-15 -10 49 33 -121 113 0
-15 -10 49 33 121 -113 0
-15 -10 -50 -34 -122 110 0
-15 -10 -50 -34 122 -110 0
-15 -10 -50 34 -122 111 0
-15 -10 -50 34 122 -111 0
-15 -10 50 -34 -122 112 0
-15 -10 50 -34 122 -112 0
-15 -10 50 34 -122 113 0
-15 -10 50 34 122 -113 0
-15 -10 -51 -35 -123 110 0
-15 -10 -51 -35 123 -110 0
-15 -10 -51 35 -123 111 0
-15 -10 -51 35 123 -111 0
-15 -10 51 -35 -123 112 0
-15 -10 51 -35 123 -112 0
-15 -10 51 35 -123 113 0
-15 -10 51 35 123 -113 0
-15 -10 -52 -36 -124 110 0
-15 -10 -52 -36 124 -110 0
-15 -10 -52 36 -124 111 0
-15 -10 -52 36 124 -111 0
-15 -10 52 -36 -124 112 0
-15 -10 52 -36 124 -112 0
-15 -10 52 36 -124 113 0
-15 -10 52 36 124 -113 0
-15 -10 -53 -37 -125 110 0
-15 -10 -53 -37 125 -110 0
-15 -10 -53 37 -125 111 0
-15 -10 -53 37 125 -111 0
-15 -10 53 -37 -125 112 0
-15 -10 53 -37 125 -112 0
-15 -10 53 37 -125 113 0
-15 -10 53 37 125 -113 0
-15 -10 -54 -38 -126 110 0
-15 -10 -54 -38 126 -110 0
-15 -10 -54 38 -126 111 0
-15 -10 -54 38 126 -111 0
-15 -10 54 -38 -126 112 0
-15 -10 54 -38 126 -112 0
-15 -10 54 38 -126 113 0
-15 -10 54 38 126 -113 0
-15 -10 -55 -39 -127 110 0
-15 -10 -55 -39 127 -110 0
-15 -10 -55 39 -127 111 0
-15 -10 -55 39 127 -111 0
-15 -10 55 -39 -127 112 0
-15 -10 55 -39 127 -112 0
-15 -10 55 39 -127 113 0
-15 -10 55 39 127 -113 0
-15 -10 -56 -40 -128 110 0
-15 -10 -56 -40 128 -110 0
-15 -10 -56 40 -128 111 0
-15 -10 -56 40 128 -111 0
-15 -10 56 -40 -128 112 0
-15 -10 56 -40 128 -112 0
-15 -10 56 40 -128 113 0
-15 -10 56 40 128 -113 0
-16 -10 -57 -25 -109 110 0
-16 -10 -57 -25 109 -110 0
-16 -10 -57 25 -109 111 0
-16 -10 -57 25 109 -111 0
-16 -10 57 -25 -109 112 0
-16 -10 57 -25 109 -112 0
-16 -10 57 25 -109 113 0
-16 -10 57 25 109 -113 0
-16 -10 -58 -26 -114 110 0
-16 -10 -58 -26 114 -110 0
-16 -10 -58 26 -114 111 0
-16 -10 -58 26 114 -111 0
-16 -10 58 -26 -114 112 0
-16 -10 58 -26 114 -112 0
-16 -10 58 26 -114 113 0
-16 -10 58 26 114 -113 0
-16 -10 -59 -27 -115 110 0
-16 -10 -59 -27 115 -110 0
-16 -10 -59 27 -115 111 0
-16 -10 -59 27 115 -111 0
-16 -10 59 -27 -115 112 0
-16 -10 59 -27 115 -112 0
-16 -10 59 27 -115 113 0
-16 -10 59 27 115 -113 0
-16 -10 -60 -28 -116 110 0
-16 -10 -60 -28 116 -110 0
-16 -10 -60 28 -116 111 0
-16 -10 -60 28 116 -111 0
-16 -10 60 -28 -116 112 0
-16 -10 60 -28 116 -112 0
-16 -10 60 28 -116 113 0
-16 -10 60 28 116 -113 0
-16 -10 -61 -29 -117 110 0
-16 -10 -61 -29 117 -110 0
-16 -10 -61 29 -117 111 0
-16 -10 -61 29 117 -111 0
-16 -10 61 -29 -117 112 0
-16 -10 61 -29 117 -112 0
-16 -10 61 29 -117 113 0
-16 -10 61 29 117 -113 0
-16 -10 -62 -30 -118 110 0
-16 -10 -62 -30 118 -110 0
-16 -10 -62 30 -118 111 0
-16 -10 -62 30 118 -111 0
-16 -10 62 -30 -118 112 0
-16 -10 62 -30 118 -112 0
-16 -10 62 30 -118 113 0
-16 -10 62 30 118 -113 0
-16 -10 -63 -31 -119 110 0
-16 -10 -63 -31 119 -110 0
-16 -10 -63 31 -119 111 0
-16 -10 -63 31 119 -111 0
-16 -10 63 -31 -119 112 0
-16 -10 63 -31 119 -112 0
-16 -10 63 31 -119 113 0
-16 -10 63 31 119 -113 0
-16 -10 -64 -32 -120 110 0
-16 -10 -64 -32 120 -110 0
-16 -10 -64 32 -120 111 0
-16 -10 -64 32 120 -111 0
-16 -10 64 -32 -120 112 0
-16 -10 64 -32 120 -112 0
-16 -10 64 32 -120 113 0
-16 -10 64 32 120 -113 0
-16 -10 -65 -33 -121 110 0
-16 -10 -65 -33 121 -110 0
-16 -10 -65 33 -121 111 0
-16 -10 -65 33 121 -111 0
-16 -10 65 -33 -121 112 0
-16 -10 65 -33 121 -112 0
-16 -10 65 33 -121 113 0
-16 -10 65 33 121 -113 0
-16 -10 -66 -34 -122 110 0
-16 -10 -66 -34 122 -110 0
-16 -10 -66 34 -122 111 0
-16 -10 -66 34 122 -111 0
-16 -10 66 -34 -122 112 0
-16 -10 66 -34 122 -112 0
-16 -10 66 34 -122 113 0
-16 -10 66 34 122 -113 0
-16 -10 -67 -35 -123 110 0
-16 -10 -67 -35 123 -110 0
-16 -10 -67 35 -123 111 0
-16 -10 -67 35 123 -111 0
-16 -10 67 -35 -123 112 0
-16 -10 67 -35 123 -112 0
-16 -10 67 35 -123 113 0
-16 -10 67 35 123 -113 0
-16 -10 -68 -36 -124 110 0
-16 -10 -68 -36 124 -110 0
-16 -10 -68 36 -124 111 0
-16 -10 -68 36 124 -111 0
-16 -10 68 -36 -124 112 0
-16 -10 68 -36 124 -112 0
-16 -10 68 36 -124 113 0
-16 -10 68 36 124 -113 0
-16 -10 -69 -37 -125 110 0
-16 -10 -69 -37 125 -110 0
-16 -10 -69 37 -125 111 0
-16 -10 -69 37 125 -111 0
-16 -10 69 -37 -125 112 0
-16 -10 69 -37 125 -112 0
-16 -10 69 37 -125 113 0
-16 -10 69 37 125 -113 0
-16 -10 -70 -38 -126 110 0
-16 -10 -70 -38 126 -110 0
-16 -10 -70 38 -126 111 0
-16 -10 -70 38 126 -111 0
-16 -10 70 -38 -126 112 0
-16 -10 70 -38 126 -112 0
-16 -10 70 38 -126 113 0
-16 -10 70 38 126 -113 0
-16 -10 -71 -39 -127 110 0
-16 -10 -71 -39 127 -110 0
-16 -10 -71 39 -127 111 0
-16 -10 -71 39 127 -111 0
-16 -10 71 -39 -127 112 0
-16 -10 71 -39 127 -112 0
-16 -10 71 39 -127 113 0
-16 -10 71 39 127 -113 0
-16 -10 -72 -40 -128 110 0
-16 -10 -72 -40 128 -110 0
-16 -10 -72 40 -128 111 0
-16 -10 -72 40 128 -111 0
-16 -10 72 -40 -128 112 0
-16 -10 72 -40 128 -112 0
-16 -10 72 40 -128 113 0
-16 -10 72 40 128 -113 0
-16 -11 -57 -41 -109 110 0
-16 -11 -57 -41 109 -110 0
-16 -11 -57 41 -109 111 0
-16 -11 -57 41 109 -111 0
-16 -11 57 -41 -109 112 0
-16 -11 57 -41 109 -112 0
-16 -11 57 41 -109 113 0
-16 -11 57 41 109 -113 0
-16 -11 -58 -42 -114 110 0
-16 -11 -58 -42 114 -110 0
-16 -11 -58 42 -114 111 0
-16 -11 -58 42 114 -111 0
-16 -11 58 -42 -114 112 0
-16 -11 58 -42 114 -112 0
-16 -11 58 42 -114 113 0
-16 -11 58 42 114 -113 0
-16 -11 -59 -43 -115 110 0
-16 -11 -59 -43 115 -110 0
-16 -11 -59 43 -115 111 0
-16 -11 -59 43 115 -111 0
-16 -11 59 -43 -115 112 0
-16 -11 59 -43 115 -112 0
-16 -11 59 43 -115 113 0
-16 -11 59 43 115 -113 0
-16 -11 -60 -44 -116 110 0
-16 -11 -60 -44 116 -110 0
-16 -11 -60 44 -116 111 0
-16 -11 -60 44 116 -111 0
-16 -11 60 -44 -116 112 0
-16 -11 60 -44 116 -112 0
-16 -11 60 44 -116 113 0
-16 -11 60 44 116 -113 0
-16 -11 -61 -45 -117 110 0
-16 -11 -61 -45 117 -110 0
-16 -11 -61 45 -117 111 0
-16 -11 -61 45 117 -111 0
-16 -11 61 -45 -117 112 0
-16 -11 61 -45 117 -112 0
-16 -11 61 45 -117 113 0
-16 -11 61 45 117 -113 0
-16 -11 -62 -46 -118 110 0
-16 -11 -62 -46 118 -110 0
-16 -11 -62 46 -118 111 0
-16 -11 -62 46 118 -111 0
-16 -11 62 -46 -118 112 0
-16 -11 62 -46 118 -112 0
-16 -11 62 46 -118 113 0
-16 -11 62 46 118 -113 0
-16 -11 -63 -47 -119 110 0
-16 -11 -63 -47 119 -110 0
-16 -11 -63 47 -119 111 0
-16 -11 -63 47 119 -111 0
-16 -11 63 -47 -119 112 0
-16 -11 63 -47 119 -112 0
-16 -11 63 47 -119 113 0
-16 -11 63 47 119 -113 0
-16 -11 -64 -48 -120 110 0
-16 -11 -64 -48 120 -110 0
-16 -11 -64 48 -120 111 0
-16 -11 -64 48 120 -111 0
-16 -11 64 -48 -120 112 0
-16 -11 64 -48 120 -112 0
-16 -11 64 48 -120 113 0
-16 -11 64 48 120 -113 0
-16 -11 -65 -49 -121 110 0
-16 -11 -65 -49 121 -110 0
-16 -11 -65 49 -121 111 0
-16 -11 -65 49 121 -111 0
-16 -11 65 -49 -121 112 0
-16 -11 65 -49 121 -112 0
-16 -11 65 49 -121 113 0
-16 -11 65 49 121 -113 0
-16 -11 -66 -50 -122 110 0
-16 -11 -66 -50 122 -110 0
-16 -11 -66 50 -122 111 0
-16 -11 -66 50 122 -111 0
-16 -11 66 -50 -122 112 0
-16 -11 66 -50 122 -112 0
-16 -11 66 50 -122 113 0
-16 -11 66 50 122 -113 0
-16 -11 -67 -51 -123 110 0
-16 -11 -67 -51 123 -110 0
-16 -11 -67 51 -123 111 0
-16 -11 -67 51 123 -111 0
-16 -11 67 -51 -123 112 0
-16 -11 67 -51 123 -112 0
-16 -11 67 51 -123 113 0
-16 -11 67 51 123 -113 0
-16 -11 -68 -52 -124 110 0
-16 -11 -68 -52 124 -110 0
-16 -11 -68 52 -124 111 0
-16 -11 -68 52 124 -111 0
-16 -11 68 -52 -124 112 0
-16 -11 68 -52 124 -112 0
-16 -11 68 52 -124 113 0
-16 -11 68 52 124 -113 0
-16 -11 -69 -53 -125 110 0
-16 -11 -69 -53 125 -110 0
-16 -11 -69 53 -125 111 0
-16 -11 -69 53 125 -111 0
-16 -11 69 -53 -125 112 0
-16 -11 69 -53 125 -112 0
-16 -11 69 53 -125 113 0
-16 -11 69 53 125 -113 0
-16 -11 -70 -54 -126 110 0
-16 -11 -70 -54 126 -110 0
-16 -11 -70 54 -126 111 0
-16 -11 -70 54 126 -111 0
-16 -11 70 -54 -126 112 0
-16 -11 70 -54 126 -112 0
-16 -11 70 54 -126 113 0
-16 -11 70 54 126 -113 0
-16 -11 -71 -55 -127 110 0
-16 -11 -71 -55 127 -110 0
-16 -11 -71 55 -127 111 0
-16 -11 -71 55 127 -111 0
-16 -11 71 -55 -127 112 0
-16 -11 71 -55 127 -112 0
-16 -11 71 55 -127 113 0
-16 -11 71 55 127 -113 0
-16 -11 -72 -56 -128 110 0
-16 -11 -72 -56 128 -110 0
-16 -11 -72 56 -128 111 0
-16 -11 -72 56 128 -111 0
-16 -11 72 -56 -128 112 0
-16 -11 72 -56 128 -112 0
-16 -11 72 56 -128 113 0
-16 -11 72 56 128 -113 0
-17 -10 -73 -25 -109 110 0
-17 -10 -73 -25 109 -110 0
-17 -10 -73 25 -109 111 0
-17 -10 -73 25 109 -111 0
-17 -10 73 -25 -109 112 0
-17 -10 73 -25 109 -112 0
-17 -10 73 25 -109 113 0
-17 -10 73 25 109 -113 0
-17 -10 -74 -26 -114 110 0
-17 -10 -74 -26 114 -110 0
-17 -10 -74 26 -114 111 0
-17 -10 -74 26 114 -111 0
-17 -10 74 -26 -114 112 0
-17 -10 74 -26 114 -112 0
-17 -10 74 26 -114 113 0
-17 -10 74 26 114 -113 0
-17 -10 -75 -27 -115 110 0
-17 -10 -75 -27 115 -110 0
-17 -10 -75 27 -115 111 0
-17 -10 -75 27 115 -111 0
-17 -10 75 -27 -115 112 0
-17 -10 75 -27 115 -112 0
-17 -10 75 27 -115 113 0
-17 -10 75 27 115 -113 0
-17 -10 -76 -28 -116 110 0
-17 -10 -76 -28 116 -110 0
-17 -10 -76 28 -116 111 0
-17 -10 -76 28 116 -111 0
-17 -10 76 -28 -116 112 0
-17 -10 76 -28 116 -112 0
-17 -10 76 28 -116 113 0
-17 -10 76 28 116 -113 0
-17 -10 -77 -29 -117 110 0
-17 -10 -77 -29 117 -110 0
-17 -10 -77 29 -117 111 0
-17 -10 -77 29 117 -111 0
-17 -10 77 -29 -117 112 0
-17 -10 77 -29 117 -112 0
-17 -10 77 29 -117 113 0
-17 -10 77 29 117 -113 0
-17 -10 -78 -30 -118 110 0
-17 -10 -78 -30 118 -110 0
-17 -10 -78 30 -118 111 0
-17 -10 -78 30 118 -111 0
-17 -10 78 -30 -118 112 0
-17 -10 78 -30 118 -112 0
-17 -10 78 30 -118 113 0
-17 -10 78 30 118 -113 0
-17 -10 -79 -31 -119 110 0
-17 -10 -79 -31 119 -110 0
-17 -10 -79 31 -119 111 0
-17 -10 -79 31 119 -111 0
-17 -10 79 -31 -119 112 0
-17 -10 79 -31 119 -112 0
-17 -10 79 31 -119 113 0
-17 -10 79 31 119 -113 0
-17 -10 -80 -32 -120 110 0
-17 -10 -80 -32 120 -110 0
-17 -10 -80 32 -120 111 0
-17 -10 -80 32 120 -111 0
-17 -10 80 -32 -120 112 0
-17 -10 80 -32 120 -112 0
-17 -10 80 32 -120 113 0
-17 -10 80 32 120 -113 0
-17 -10 -81 -33 -121 110 0
-17 -10 -81 -33 121 -110 0
-17 -10 -81 33 -121 111 0
-17 -10 -81 33 121 -111 0
-17 -10 81 -33 -121 112 0
-17 -10 81 -33 121 -112 0
-17 -10 81 33 -121 113 0
-17 -10 81 33 121 -113 0
-17 -10 -82 -34 -122 110 0
-17 -10 -82 -34 122 -110 0
-17 -10 -82 34 -122 111 0
-17 -10 -82 34 122 -111 0
-17 -10 82 -34 -122 112 0
-17 -10 82 -34 122 -112 0
-17 -10 82 34 -122 113 0
-17 -10 82 34 122 -113 0
-17 -10 -83 -35 -123 110 0
-17 -10 -83 -35 123 -110 0
-17 -10 -83 35 -123 111 0
-17 -10 -83 35 123 -111 0
-17 -10 83 -35 -123 112 0
-17 -10 83 -35 123 -112 0
-17 -10 83 35 -123 113 0
-17 -10 83 35 123 -113 0
-17 -10 -84 -36 -124 110 0
-17 -10 -84 -36 124 -110 0
-17 -10 -84 36 -124 111 0
-17 -10 -84 36 124 -111 0
-17 -10 84 -36 -124 112 0
-17 -10 84 -36 124 -112 0
-17 -10 84 36 -124 113 0
-17 -10 84 36 124 -113 0
-17 -10 -85 -37 -125 110 0
-17 -10 -85 -37 125 -110 0
-17 -10 -85 37 -125 111 0
-17 -10 -85 37 125 -111 0
-17 -10 85 -37 -125 112 0
-17 -10 85 -37 125 -112 0
-17 -10 85 37 -125 113 0
-17 -10 85 37 125 -113 0
-17 -10 -86 -38 -126 110 0
-17 -10 -86 -38 126 -110 0
-17 -10 -86 38 -126 111 0
-17 -10 -86 38 126 -111 0
-17 -10 86 -38 -126 112 0
-17 -10 86 -38 126 -112 0
-17 -10 86 38 -126 113 0
-17 -10 86 38 126 -113 0
-17 -10 -87 -39 -127 110 0
-17 -10 -87 -39 127 -110 0
-17 -10 -87 39 -127 111 0
-17 -10 -87 39 127 -111 0
-17 -10 87 -39 -127 112 0
-17 -10 87 -39 127 -112 0
-17 -10 87 39 -127 113 0
-17 -10 87 39 127 -113 0
-17 -10 -88 -40 -128 110 0
-17 -10 -88 -40 128 -110 0
-17 -10 -88 40 -128 111 0
-17 -10 -88 40 128 -111 0
-17 -10 88 -40 -128 112 0
-17 -10 88 -40 128 -112 0
-17 -10 88 40 -128 113 0
-17 -10 88 40 128 -113 0
-17 -11 -73 -41 -109 110 0
-17 -11 -73 -41 109 -110 0
-17 -11 -73 41 -109 111 0
-17 -11 -73 41 109 -111 0
-17 -11 73 -41 -109 112 0
-17 -11 73 -41 109 -112 0
-17 -11 73 41 -109 113 0
-17 -11 73 41 109 -113 0
-17 -11 -74 -42 -114 110 0
-17 -11 -74 -42 114 -110 0
-17 -11 -74 42 -114 111 0
-17 -11 -74 42 114 -111 0
-17 -11 74 -42 -114 112 0
-17 -11 74 -42 114 -112 0
-17 -11 74 42 -114 113 0
-17 -11 74 42 114 -113 0
-17 -11 -75 -43 -115 110 0
-17 -11 -75 -43 115 -110 0
-17 -11 -75 43 -115 111 0
-17 -11 -75 43 115 -111 0
-17 -11 75 -43 -115 112 0
-17 -11 75 -43 115 -112 0
-17 -11 75 43 -115 113 0
-17 -11 75 43 115 -113 0
-17 -11 -76 -44 -116 110 0
-17 -11 -76 -44 116 -110 0
-17 -11 -76 44 -116 111 0
-17 -11 -76 44 116 -111 0
-17 -11 76 -44 -116 112 0
-17 -11 76 -44 116 -112 0
-17 -11 76 44 -116 113 0
-17 -11 76 44 116 -113 0
-17 -11 -77 -45 -117 110 0
-17 -11 -77 -45 117 -110 0
-17 -11 -77 45 -117 111 0
-17 -11 -77 45 117 -111 0
-17 -11 77 -45 -117 112 0
-17 -11 77 -45 117 -112 0
-17 -11 77 45 -117 113 0
-17 -11 77 45 117 -113 0
-17 -11 -78 -46 -118 110 0
-17 -11 -78 -46 118 -110 0
-17 -11 -78 46 -118 111 0
-17 -11 -78 46 118 -111 0
-17 -11 78 -46 -118 112 0
-17 -11 78 -46 118 -112 0
-17 -11 78 46 -118 113 0
-17 -11 78 46 118 -113 0
-17 -11 -79 -47 -119 110 0
-17 -11 -79 -47 119 -110 0
-17 -11 -79 47 -119 111 0
-17 -11 -79 47 119 -111 0
-17 -11 79 -47 -119 112 0
-17 -11 79 -47 119 -112 0
-17 -11 79 47 -119 113 0
-17 -11 79 47 119 -113 0
-17 -11 -80 -48 -120 110 0
-17 -11 -80 -48 120 -110 0
-17 -11 -80 48 -120 111 0
-17 -11 -80 48 120 -111 0
-17 -11 80 -48 -120 112 0
-17 -11 80 -48 120 -112 0
-17 -11 80 48 -120 113 0
-17 -11 80 48 120 -113 0
-17 -11 -81 -49 -121 110 0
-17 -11 -81 -49 121 -110 0
-17 -11 -81 49 -121 111 0
-17 -11 -81 49 121 -111 0
-17 -11 81 -49 -121 112 0
-17 -11 81 -49 121 -112 0
-17 -11 81 49 -121 113 0
-17 -11 81 49 121 -113 0
-17 -11 -82 -50 -122 110 0
-17 -11 -82 -50 122 -110 0
-17 -11 -82 50 -122 111 0
-17 -11 -82 50 122 -111 0
-17 -11 82 -50 -122 112 0
-17 -11 82 -50 122 -112 0
-17 -11 82 50 -122 113 0
-17 -11 82 50 122 -113 0
-17 -11 -83 -51 -123 110 0
-17 -11 -83 -51 123 -110 0
-17 -11 -83 51 -123 111 0
-17 -11 -83 51 123 -111 0
-17 -11 83 -51 -123 112 0
-17 -11 83 -51 123 -112 0
-17 -11 83 51 -123 113 0
-17 -11 83 51 123 -113 0
-17 -11 -84 -52 -124 110 0
-17 -11 -84 -52 124 -110 0
-17 -11 -84 52 -124 111 0
-17 -11 -84 52 124 -111 0
-17 -11 84 -52 -124 112 0
-17 -11 84 -52 124 -112 0
-17 -11 84 52 -124 113 0
-17 -11 84 52 124 -113 0
-17 -11 -85 -53 -125 110 0
-17 -11 -85 -53 125 -110 0
-17 -11 -85 53 -125 111 0
-17 -11 -85 53 125 -111 0
-17 -11 85 -53 -125 112 0
-17 -11 85 -53 125 -112 0
-17 -11 85 53 -125 113 0
-17 -11 85 53 125 -113 0
-17 -11 -86 -54 -126 110 0
-17 -11 -86 -54 126 -110 0
-17 -11 -86 54 -126 111 0
-17 -11 -86 54 126 -111 0
-17 -11 86 -54 -126 112 0
-17 -11 86 -54 126 -112 0
-17 -11 86 54 -126 113 0
-17 -11 86 54 126 -113 0
-17 -11 -87 -55 -127 110 0
-17 -11 -87 -55 127 -110 0
-17 -11 -87 55 -127 111 0
-17 -11 -87 55 127 -111 0
-17 -11 87 -55 -127 112 0
-17 -11 87 -55 127 -112 0
-17 -11 87 55 -127 113 0
-17 -11 87 55 127 -113 0
-17 -11 -88 -56 -128 110 0
-17 -11 -88 -56 128 -110 0
-17 -11 -88 56 -128 111 0
-17 -11 -88 56 128 -111 0
-17 -11 88 -56 -128 112 0
-17 -11 88 -56 128 -112 0
-17 -11 88 56 -128 113 0
-17 -11 88 56 128 -113 0
-17 -12 -73 -57 -109 110 0
-17 -12 -73 -57 109 -110 0
-17 -12 -73 57 -109 111 0
-17 -12 -73 57 109 -111 0
-17 -12 73 -57 -109 112 0
-17 -12 73 -57 109 -112 0
-17 -12 73 57 -109 113 0
-17 -12 73 57 109 -113 0
-17 -12 -74 -58 -114 110 0
-17 -12 -74 -58 114 -110 0
-17 -12 -74 58 -114 111 0
-17 -12 -74 58 114 -111 0
-17 -12 74 -58 -114 112 0
-17 -12 74 -58 114 -112 0
-17 -12 74 58 -114 113 0
-17 -12 74 58 114 -113 0
-17 -12 -75 -59 -115 110 0
-17 -12 -75 -59 115 -110 0
-17 -12 -75 59 -115 111 0
-17 -12 -75 59 115 -111 0
-17 -12 75 -59 -115 112 0
-17 -12 75 -59 115 -112 0
-17 -12 75 59 -115 113 0
-17 -12 75 59 115 -113 0
-17 -12 -76 -60 -116 110 0
-17 -12 -76 -60 116 -110 0
-17 -12 -76 60 -116 111 0
-17 -12 -76 60 116 -111 0
-17 -12 76 -60 -116 112 0
-17 -12 76 -60 116 -112 0
-17 -12 76 60 -116 113 0
-17 -12 76 60 116 -113 0
-17 -12 -77 -61 -117 110 0
-17 -12 -77 -61 117 -110 0
-17 -12 -77 61 -117 111 0
-17 -12 -77 61 117 -111 0
-17 -12 77 -61 -117 112 0
-17 -12 77 -61 117 -112 0
-17 -12 77 61 -117 113 0
-17 -12 77 61 117 -113 0
-17 -12 -78 -62 -118 110 0
-17 -12 -78 -62 118 -110 0
-17 -12 -78 62 -118 111 0
-17 -12 -78 62 118 -111 0
-17 -12 78 -62 -118 112 0
-17 -12 78 -62 118 -112 0
-17 -12 78 62 -118 113 0
-17 -12 78 62 118 -113 0
-17 -12 -79 -63 -119 110 0
-17 -12 -79 -63 119 -110 0
-17 -12 -79 63 -119 111 0
-17 -12 -79 63 119 -111 0
-17 -12 79 -63 -119 112 0
-17 -12 79 -63 119 -112 0
-17 -12 79 63 -119 113 0
-17 -12 79 63 119 -113 0
-17 -12 -80 -64 -120 110 0
-17 -12 -80 -64 120 -110 0
-17 -12 -80 64 -120 111 0
-17 -12 -80 64 120 -111 0
-17 -12 80 -64 -120 112 0
-17 -12 80 -64 120 -112 0
-17 -12 80 64 -120 113 0
-17 -12 80 64 120 -113 0
-17 -12 -81 -65 -121 110 0
-17 -12 -81 -65 121 -110 0
-17 -12 -81 65 -121 111 0
-17 -12 -81 65 121 -111 0
-17 -12 81 -65 -121 112 0
-17 -12 81 -65 121 -112 0
-17 -12 81 65 -121 113 0
-17 -12 81 65 121 -113 0
-17 -12 -82 -66 -122 110 0
-17 -12 -82 -66 122 -110 0
-17 -12 -82 66 -122 111 0
-17 -12 -82 66 122 -111 0
-17 -12 82 -66 -122 112 0
-17 -12 82 -66 122 -112 0
-17 -12 82 66 -122 113 0
-17 -12 82 66 122 -113 0
-17 -12 -83 -67 -123 110 0
-17 -12 -83 -67 123 -110 0
-17 -12 -83 67 -123 111 0
-17 -12 -83 67 123 -111 0
-17 -12 83 -67 -123 112 0
-17 -12 83 -67 123 -112 0
-17 -12 83 67 -123 113 0
-17 -12 83 67 123 -113 0
-17 -12 -84 -68 -124 110 0
-17 -12 -84 -68 124 -110 0
-17 -12 -84 68 -124 111 0
-17 -12 -84 68 124 -111 0
-17 -12 84 -68 -124 112 0
-17 -12 84 -68 124 -112 0
-17 -12 84 68 -124 113 0
-17 -12 84 68 124 -113 0
-17 -12 -85 -69 -125 110 0
-17 -12 -85 -69 125 -110 0
-17 -12 -85 69 -125 111 0
-17 -12 -85 69 125 -111 0
-17 -12 85 -69 -125 112 0
-17 -12 85 -69 125 -112 0
-17 -12 85 69 -125 113 0
-17 -12 85 69 125 -113 0
-17 -12 -86 -70 -126 110 0
-17 -12 -86 -70 126 -110 0
-17 -12 -86 70 -126 111 0
-17 -12 -86 70 126 -111 0
-17 -12 86 -70 -126 112 0
-17 -12 86 -70 126 -112 0
-17 -12 86 70 -126 113 0
-17 -12 86 70 126 -113 0
-17 -12 -87 -71 -127 110 0
-17 -12 -87 -71 127 -110 0
-17 -12 -87 71 -127 111 0
-17 -12 -87 71 127 -111 0
-17 -12 87 -71 -127 112 0
-17 -12 87 -71 127 -112 0
-17 -12 87 71 -127 113 0
-17 -12 87 71 127 -113 0
-17 -12 -88 -72 -128 110 0
-17 -12 -88 -72 128 -110 0
-17 -12 -88 72 -128 111 0
-17 -12 -88 72 128 -111 0
-17 -12 88 -72 -128 112 0
-17 -12 88 -72 128 -112 0
-17 -12 88 72 -128 113 0
-17 -12 88 72 128 -113 0
-18 -10 -89 -25 -109 110 0
-18 -10 -89 -25 109 -110 0
-18 -10 -89 25 -109 111 0
-18 -10 -89 25 109 -111 0
-18 -10 89 -25 -109 112 0
-18 -10 89 -25 109 -112 0
-18 -10 89 25 -109 113 0
-18 -10 89 25 109 -113 0
-18 -10 -94 -26 -114 110 0
-18 -10 -94 -26 114 -110 0
-18 -10 -94 26 -114 111 0
-18 -10 -94 26 114 -111 0
-18 -10 94 -26 -114 112 0
-18 -10 94 -26 114 -112 0
-18 -10 94 26 -114 113 0
-18 -10 94 26 114 -113 0
-18 -10 -95 -27 -115 110 0
-18 -10 -95 -27 115 -110 0
-18 -10 -95 27 -115 111 0
-18 -10 -95 27 115 -111 0
-18 -10 95 -27 -115 112 0
-18 -10 95 -27 115 -112 0
-18 -10 95 27 -115 113 0
-18 -10 95 27 115 -113 0
-18 -10 -96 -28 -116 110 0
-18 -10 -96 -28 116 -110 0
-18 -10 -96 28 -116 111 0
-18 -10 -96 28 116 -111 0
-18 -10 96 -28 -116 112 0
-18 -10 96 -28 116 -112 0
-18 -10 96 28 -116 113 0
-18 -10 96 28 116 -113 0
-18 -10 -97 -29 -117 110 0
-18 -10 -97 -29 117 -110 0
-18 -10 -97 29 -117 111 0
-18 -10 -97 29 117 -111 0
-18 -10 97 -29 -117 112 0
-18 -10 97 -29 117 -112 0
-18 -10 97 29 -117 113 0
-18 -10 97 29 117 -113 0
-18 -10 -98 -30 -118 110 0
-18 -10 -98 -30 118 -110 0
-18 -10 -98 30 -118 111 0
-18 -10 -98 30 118 -111 0
-18 -10 98 -30 -118 112 0
-18 -10 98 -30 118 -112 0
-18 -10 98 30 -118 113 0
-18 -10 98 30 118 -113 0
-18 -10 -99 -31 -119 110 0
-18 -10 -99 -31 119 -110 0
-18 -10 -99 31 -119 111 0
-18 -10 -99 31 119 -111 0
-18 -10 99 -31 -119 112 0
-18 -10 99 -31 119 -112 0
-18 -10 99 31 -119 113 0
-18 -10 99 31 119 -113 0
-18 -10 -100 -32 -120 110 0
-18 -10 -100 -32 120 -110 0
-18 -10 -100 32 -120 111 0
-18 -10 -100 32 120 -111 0
-18 -10 100 -32 -120 112 0
-18 -10 100 -32 120 -112 0
-18 -10 100 32 -120 113 0
-18 -10 100 32 120 -113 0
-18 -10 -101 -33 -121 110 0
-18 -10 -101 -33 121 -110 0
-18 -10 -101 33 -121 111 0
-18 -10 -101 33 121 -111 0
-18 -10 101 -33 -121 112 0
-18 -10 101 -33 121 -112 0
-18 -10 101 33 -121 113 0
-18 -10 101 33 121 -113 0
-18 -10 -102 -34 -122 110 0
-18 -10 -102 -34 122 -110 0
-18 -10 -102 34 -122 111 0
-18 -10 -102 34 122 -111 0
-18 -10 102 -34 -122 112 0
-18 -10 102 -34 122 -112 0
-18 -10 102 34 -122 113 0
-18 -10 102 34 122 -113 0
-18 -10 -103 -35 -123 110 0
-18 -10 -103 -35 123 -110 0
-18 -10 -103 35 -123 111 0
-18 -10 -103 35 123 -111 0
-18 -10 103 -35 -123 112 0
-18 -10 103 -35 123 -112 0
-18 -10 103 35 -123 113 0
-18 -10 103 35 123 -113 0
-18 -10 -104 -36 -124 110 0
-18 -10 -104 -36 124 -110 0
-18 -10 -104 36 -124 111 0
-18 -10 -104 36 124 -111 0
-18 -10 104 -36 -124 112 0
-18 -10 104 -36 124 -112 0
-18 -10 104 36 -124 113 0
-18 -10 104 36 124 -113 0
-18 -10 -105 -37 -125 110 0
-18 -10 -105 -37 125 -110 0
-18 -10 -105 37 -125 111 0
-18 -10 -105 37 125 -111 0
-18 -10 105 -37 -125 112 0
-18 -10 105 -37 125 -112 0
-18 -10 105 37 -125 113 0
-18 -10 105 37 125 -113 0
-18 -10 -106 -38 -126 110 0
-18 -10 -106 -38 126 -110 0
-18 -10 -106 38 -126 111 0
-18 -10 -106 38 126 -111 0
-18 -10 106 -38 -126 112 0
-18 -10 106 -38 126 -112 0
-18 -10 106 38 -126 113 0
-18 -10 106 38 126 -113 0
-18 -10 -107 -39 -127 110 0
-18 -10 -107 -39 127 -110 0
-18 -10 -107 39 -127 111 0
-18 -10 -107 39 127 -111 0
-18 -10 107 -39 -127 112 0
-18 -10 107 -39 127 -112 0
-18 -10 107 39 -127 113 0
-18 -10 107 39 127 -113 0
-18 -10 -108 -40 -128 110 0
-18 -10 -108 -40 128 -110 0
-18 -10 -108 40 -128 111 0
-18 -10 -108 40 128 -111 0
-18 -10 108 -40 -128 112 0
-18 -10 108 -40 128 -112 0
-18 -10 108 40 -128 113 0
-18 -10 108 40 128 -113 0
-18 -11 -89 -41 -109 110 0
-18 -11 -89 -41 109 -110 0
-18 -11 -89 41 -109 111 0
-18 -11 -89 41 109 -111 0
-18 -11 89 -41 -109 112 0
-18 -11 89 -41 109 -112 0
-18 -11 89 41 -109 113 0
-18 -11 89 41 109 -113 0
-18 -11 -94 -42 -114 110 0
-18 -11 -94 -42 114 -110 0
-18 -11 -94 42 -114 111 0
-18 -11 -94 42 114 -111 0
-18 -11 94 -42 -114 112 0
-18 -11 94 -42 114 -112 0
-18 -11 94 42 -114 113 0
-18 -11 94 42 114 -113 0
-18 -11 -95 -43 -115 110 0
-18 -11 -95 -43 115 -110 0
-18 -11 -95 43 -115 111 0
-18 -11 -95 43 115 -111 0
-18 -11 95 -43 -115 112 0
-18 -11 95 -43 115 -112 0
-18 -11 95 43 -115 113 0
-18 -11 95 43 115 -113 0
-18 -11 -96 -44 -116 110 0
-18 -11 -96 -44 116 -110 0
-18 -11 -96 44 -116 111 0
-18 -11 -96 44 116 -111 0
-18 -11 96 -44 -116 112 0
-18 -11 96 -44 116 -112 0
-18 -11 96 44 -116 113 0
-18 -11 96 44 116 -113 0
-18 -11 -97 -45 -117 110 0
-18 -11 -97 -45 117 -110 0
-18 -11 -97 45 -117 111 0
-18 -11 -97 45 117 -111 0
-18 -11 97 -45 -117 112 0
-18 -11 97 -45 117 -112 0
-18 -11 97 45 -117 113 0
-18 -11 97 45 117 -113 0
-18 -11 -98 -46 -118 110 0
-18 -11 -98 -46 118 -110 0
-18 -11 -98 46 -118 111 0
-18 -11 -98 46 118 -111 0
-18 -11 98 -46 -118 112 0
-18 -11 98 -46 118 -112 0
-18 -11 98 46 -118 113 0
-18 -11 98 46 118 -113 0
-18 -11 -99 -47 -119 110 0
-18 -11 -99 -47 119 -110 0
-18 -11 -99 47 -119 111 0
-18 -11 -99 47 119 -111 0
-18 -11 99 -47 -119 112 0
-18 -11 99 -47 119 -112 0
-18 -11 99 47 -119 113 0
-18 -11 99 47 119 -113 0
-18 -11 -100 -48 -120 110 0
-18 -11 -100 -48 120 -110 0
-18 -11 -100 48 -120 111 0
-18 -11 -100 48 120 -111 0
-18 -11 100 -48 -120 112 0
-18 -11 100 -48 120 -112 0
-18 -11 100 48 -120 113 0
-18 -11 100 48 120 -113 0
-18 -11 -101 -49 -121 110 0
-18 -11 -101 -49 121 -110 0
-18 -11 -101 49 -121 111 0
-18 -11 -101 49 121 -111 0
-18 -11 101 -49 -121 112 0
-18 -11 101 -49 121 -112 0
-18 -11 101 49 -121 113 0
-18 -11 101 49 121 -113 0
-18 -11 -102 -50 -122 110 0
-18 -11 -102 -50 122 -110 0
-18 -11 -102 50 -122 111 0
-18 -11 -102 50 122 -111 0
-18 -11 102 -50 -122 112 0
-18 -11 102 -50 122 -112 0
-18 -11 102 50 -122 113 0
-18 -11 102 50 122 -113 0
-18 -11 -103 -51 -123 110 0
-18 -11 -103 -51 123 -110 0
-18 -11 -103 51 -123 111 0
-18 -11 -103 51 123 -111 0
-18 -11 103 -51 -123 112 0
-18 -11 103 -51 123 -112 0
-18 -11 103 51 -123 113 0
-18 -11 103 51 123 -113 0
-18 -11 -104 -52 -124 110 0
-18 -11 -104 -52 124 -110 0
-18 -11 -104 52 -124 111 0
-18 -11 -104 52 124 -111 0
-18 -11 104 -52 -124 112 0
-18 -11 104 -52 124 -112 0
-18 -11 104 52 -124 113 0
-18 -11 104 52 124 -113 0
-18 -11 -105 -53 -125 110 0
-18 -11 -105 -53 125 -110 0
-18 -11 -105 53 -125 111 0
-18 -11 -105 53 125 -111 0
-18 -11 105 -53 -125 112 0
-18 -11 105 -53 125 -112 0
-18 -11 105 53 -125 113 0
-18 -11 105 53 125 -113 0
-18 -11 -106 -54 -126 110 0
-18 -11 -106 -54 126 -110 0
-18 -11 -106 54 -126 111 0
-18 -11 -106 54 126 -111 0
-18 -11 106 -54 -126 112 0
-18 -11 106 -54 126 -112 0
-18 -11 106 54 -126 113 0
-18 -11 106 54 126 -113 0
-18 -11 -107 -55 -127 110 0
-18 -11 -107 -55 127 -110 0
-18 -11 -107 55 -127 111 0
-18 -11 -107 55 127 -111 0
-18 -11 107 -55 -127 112 0
-18 -11 107 -55 127 -112 0
-18 -11 107 55 -127 113 0
-18 -11 107 55 127 -113 0
-18 -11 -108 -56 -128 110 0
-18 -11 -108 -56 128 -110 0
-18 -11 -108 56 -128 111 0
-18 -11 -108 56 128 -111 0
-18 -11 108 -56 -128 112 0
-18 -11 108 -56 128 -112 0
-18 -11 108 56 -128 113 0
-18 -11 108 56 128 -113 0
-18 -12 -89 -57 -109 110 0
-18 -12 -89 -57 109 -110 0
-18 -12 -89 57 -109 111 0
-18 -12 -89 57 109 -111 0
-18 -12 89 -57 -109 112 0
-18 -12 89 -57 109 -112 0
-18 -12 89 57 -109 113 0
-18 -12 89 57 109 -113 0
-18 -12 -94 -58 -114 110 0
-18 -12 -94 -58 114 -110 0
-18 -12 -94 58 -114 111 0
-18 -12 -94 58 114 -111 0
-18 -12 94 -58 -114 112 0
-18 -12 94 -58 114 -112 0
-18 -12 94 58 -114 113 0
-18 -12 94 58 114 -113 0
-18 -12 -95 -59 -115 110 0
-18 -12 -95 -59 115 -110 0
-18 -12 -95 59 -115 111 0
-18 -12 -95 59 115 -111 0
-18 -12 95 -59 -115 112 0
-18 -12 95 -59 115 -112 0
-18 -12 95 59 -115 113 0
-18 -12 95 59 115 -113 0
-18 -12 -96 -60 -116 110 0
-18 -12 -96 -60 116 -110 0
-18 -12 -96 60 -116 111 0
-18 -12 -96 60 116 -111 0
-18 -12 96 -60 -116 112 0
-18 -12 96 -60 116 -112 0
-18 -12 96 60 -116 113 0
-18 -12 96 60 116 -113 0
-18 -12 -97 -61 -117 110 0
-18 -12 -97 -61 117 -110 0
-18 -12 -97 61 -117 111 0
-18 -12 -97 61 117 -111 0
-18 -12 97 -61 -117 112 0
-18 -12 97 -61 117 -112 0
-18 -12 97 61 -117 113 0
-18 -12 97 61 117 -113 0
-18 -12 -98 -62 -118 110 0
-18 -12 -98 -62 118 -110 0
-18 -12 -98 62 -118 111 0
-18 -12 -98 62 118 -111 0
-18 -12 98 -62 -118 112 0
-18 -12 98 -62 118 -112 0
-18 -12 98 62 -118 113 0
-18 -12 98 62 118 -113 0
-18 -12 -99 -63 -119 110 0
-18 -12 -99 -63 119 -110 0
-18 -12 -99 63 -119 111 0
-18 -12 -99 63 119 -111 0
-18 -12 99 -63 -119 112 0
-18 -12 99 -63 119 -112 0
-18 -12 99 63 -119 113 0
-18 -12 99 63 119 -113 0
-18 -12 -100 -64 -120 110 0
-18 -12 -100 -64 120 -110 0
-18 -12 -100 64 -120 111 0
-18 -12 -100 64 120 -111 0
-18 -12 100 -64 -120 112 0
-18 -12 100 -64 120 -112 0
-18 -12 100 64 -120 113 0
-18 -12 100 64 120 -113 0
-18 -12 -101 -65 -121 110 0
-18 -12 -101 -65 121 -110 0
-18 -12 -101 65 -121 111 0
-18 -12 -101 65 121 -111 0
-18 -12 101 -65 -121 112 0
-18 -12 101 -65 121 -112 0
-18 -12 101 65 -121 113 0
-18 -12 101 65 121 -113 0
-18 -12 -102 -66 -122 110 0
-18 -12 -102 -66 122 -110 0
-18 -12 -102 66 -122 111 0
-18 -12 -102 66 122 -111 0
-18 -12 102 -66 -122 112 0
-18 -12 102 -66 122 -112 0
-18 -12 102 66 -122 113 0
-18 -12 102 66 122 -113 0
-18 -12 -103 -67 -123 110 0
-18 -12 -103 -67 123 -110 0
-18 -12 -103 67 -123 111 0
-18 -12 -103 67 123 -111 0
-18 -12 103 -67 -123 112 0
-18 -12 103 -67 123 -112 0
-18 -12 103 67 -123 113 0
-18 -12 103 67 123 -113 0
-18 -12 -104 -68 -124 110 0
-18 -12 -104 -68 124 -110 0
-18 -12 -104 68 -124 111 0
-18 -12 -104 68 124 -111 0
-18 -12 104 -68 -124 112 0
-18 -12 104 -68 124 -112 0
-18 -12 104 68 -124 113 0
-18 -12 104 68 124 -113 0
-18 -12 -105 -69 -125 110 0
-18 -12 -105 -69 125 -110 0
-18 -12 -105 69 -125 111 0
-18 -12 -105 69 125 -111 0
-18 -12 105 -69 -125 112 0
-18 -12 105 -69 125 -112 0
-18 -12 105 69 -125 113 0
-18 -12 105 69 125 -113 0
-18 -12 -106 -70 -126 110 0
-18 -12 -106 -70 126 -110 0
-18 -12 -106 70 -126 111 0
-18 -12 -106 70 126 -111 0
-18 -12 106 -70 -126 112 0
-18 -12 106 -70 126 -112 0
-18 -12 106 70 -126 113 0
-18 -12 106 70 126 -113 0
-18 -12 -107 -71 -127 110 0
-18 -12 -107 -71 127 -110 0
-18 -12 -107 71 -127 111 0
-18 -12 -107 71 127 -111 0
-18 -12 107 -71 -127 112 0
-18 -12 107 -71 127 -112 0
-18 -12 107 71 -127 113 0
-18 -12 107 71 127 -113 0
-18 -12 -108 -72 -128 110 0
-18 -12 -108 -72 128 -110 0
-18 -12 -108 72 -128 111 0
-18 -12 -108 72 128 -111 0
-18 -12 108 -72 -128 112 0
-18 -12 108 -72 128 -112 0
-18 -12 108 72 -128 113 0
-18 -12 108 72 128 -113 0
-18 -13 -89 -73 -109 110 0
-18 -13 -89 -73 109 -110 0
-18 -13 -89 73 -109 111 0
-18 -13 -89 73 109 -111 0
-18 -13 89 -73 -109 112 0
-18 -13 89 -73 109 -112 0
-18 -13 89 73 -109 113 0
-18 -13 89 73 109 -113 0
-18 -13 -94 -74 -114 110 0
-18 -13 -94 -74 114 -110 0
-18 -13 -94 74 -114 111 0
-18 -13 -94 74 114 -111 0
-18 -13 94 -74 -114 112 0
-18 -13 94 -74 114 -112 0
-18 -13 94 74 -114 113 0
-18 -13 94 74 114 -113 0
-18 -13 -95 -75 -115 110 0
-18 -13 -95 -75 115 -110 0
-18 -13 -95 75 -115 111 0
-18 -13 -95 75 115 -111 0
-18 -13 95 -75 -115 112 0
-18 -13 95 -75 115 -112 0
-18 -13 95 75 -115 113 0
-18 -13 95 75 115 -113 0
-18 -13 -96 -76 -116 110 0
-18 -13 -96 -76 116 -110 0
-18 -13 -96 76 -116 111 0
-18 -13 -96 76 116 -111 0
-18 -13 96 -76 -116 112 0
-18 -13 96 -76 116 -112 0
-18 -13 96 76 -116 113 0
-18 -13 96 76 116 -113 0
-18 -13 -97 -77 -117 110 0
-18 -13 -97 -77 117 -110 0
-18 -13 -97 77 -117 111 0
-18 -13 -97 77 117 -111 0
-18 -13 97 -77 -117 112 0
-18 -13 97 -77 117 -112 0
-18 -13 97 77 -117 113 0
-18 -13 97 77 117 -113 0
-18 -13 -98 -78 -118 110 0
-18 -13 -98 -78 118 -110 0
-18 -13 -98 78 -118 111 0
-18 -13 -98 78 118 -111 0
-18 -13 98 -78 -118 112 0
-18 -13 98 -78 118 -112 0
-18 -13 98 78 -118 113 0
-18 -13 98 78 118 -113 0
-18 -13 -99 -79 -119 110 0
-18 -13 -99 -79 119 -110 0
-18 -13 -99 79 -119 111 0
-18 -13 -99 79 119 -111 0
-18 -13 99 -79 -119 112 0
-18 -13 99 -79 119 -112 0
-18 -13 99 79 -119 113 0
-18 -13 99 79 119 -113 0
-18 -13 -100 -80 -120 110 0
-18 -13 -100 -80 120 -110 0
-18 -13 -100 80 -120 111 0
-18 -13 -100 80 120 -111 0
-18 -13 100 -80 -120 112 0
-18 -13 100 -80 120 -112 0
-18 -13 100 80 -120 113 0
-18 -13 100 80 120 -113 0
-18 -13 -101 -81 -121 110 0
-18 -13 -101 -81 121 -110 0
-18 -13 -101 81 -121 111 0
-18 -13 -101 81 121 -111 0
-18 -13 101 -81 -121 112 0
-18 -13 101 -81 121 -112 0
-18 -13 101 81 -121 113 0
-18 -13 101 81 121 -113 0
-18 -13 -102 -82 -122 110 0
-18 -13 -102 -82 122 -110 0
-18 -13 -102 82 -122 111 0
-18 -13 -102 82 122 -111 0
-18 -13 102 -82 -122 112 0
-18 -13 102 -82 122 -112 0
-18 -13 102 82 -122 113 0
-18 -13 102 82 122 -113 0
-18 -13 -103 -83 -123 110 0
-18 -13 -103 -83 123 -110 0
-18 -13 -103 83 -123 111 0
-18 -13 -103 83 123 -111 0
-18 -13 103 -83 -123 112 0
-18 -13 103 -83 123 -112 0
-18 -13 103 83 -123 113 0
-18 -13 103 83 123 -113 0
-18 -13 -104 -84 -124 110 0
-18 -13 -104 -84 124 -110 0
-18 -13 -104 84 -124 111 0
-18 -13 -104 84 124 -111 0
-18 -13 104 -84 -124 112 0
-18 -13 104 -84 124 -112 0
-18 -13 104 84 -124 113 0
-18 -13 104 84 124 -113 0
-18 -13 -105 -85 -125 110 0
-18 -13 -105 -85 125 -110 0
-18 -13 -105 85 -125 111 0
-18 -13 -105 85 125 -111 0
-18 -13 105 -85 -125 112 0
-18 -13 105 -85 125 -112 0
-18 -13 105 85 -125 113 0
-18 -13 105 85 125 -113 0
-18 -13 -106 -86 -126 110 0
-18 -13 -106 -86 126 -110 0
-18 -13 -106 86 -126 111 0
-18 -13 -106 86 126 -111 0
-18 -13 106 -86 -126 112 0
-18 -13 106 -86 126 -112 0
-18 -13 106 86 -126 113 0
-18 -13 106 86 126 -113 0
-18 -13 -107 -87 -127 110 0
-18 -13 -107 -87 127 -110 0
-18 -13 -107 87 -127 111 0
-18 -13 -107 87 127 -111 0
-18 -13 107 -87 -127 112 0
-18 -13 107 -87 127 -112 0
-18 -13 107 87 -127 113 0
-18 -13 107 87 127 -113 0
-18 -13 -108 -88 -128 110 0
-18 -13 -108 -88 128 -110 0
-18 -13 -108 88 -128 111 0
-18 -13 -108 88 128 -111 0
-18 -13 108 -88 -128 112 0
-18 -13 108 -88 128 -112 0
-18 -13 108 88 -128 113 0
-18 -13 108 88 128 -113 0
c #### outputs match truth table
-20 -25 0
-19 -41 0
-21 -57 0
-22 -73 0
-23 -89 0
-24 -109 0
-20 -26 0
-19 -42 0
-21 -58 0
-22 -74 0
-23 -94 0
-24 -114 0
-20 -27 0
-19 -43 0
-21 -59 0
-22 -75 0
-23 -95 0
-24 -115 0
-20 -28 0
-19 -44 0
-21 -60 0
-22 -76 0
-23 -96 0
-24 -116 0
-20 -29 0
-19 -45 0
-21 -61 0
-22 -77 0
-23 -97 0
-24 -117 0
-20 -30 0
-19 -46 0
-21 -62 0
-22 -78 0
-23 -98 0
-24 -118 0
-20 -31 0
-19 -47 0
-21 -63 0
-22 -79 0
-23 -99 0
-24 -119 0
-20 -32 0
-19 -48 0
-21 -64 0
-22 -80 0
-23 -100 0
-24 -120 0
-20 -33 0
-19 -49 0
-21 -65 0
-22 -81 0
-23 -101 0
-24 -121 0
-20 -34 0
-19 -50 0
-21 -66 0
-22 -82 0
-23 -102 0
-24 -122 0
-20 -35 0
-19 -51 0
-21 -67 0
-22 -83 0
-23 -103 0
-24 -123 0
-20 -36 0
-19 -52 0
-21 -68 0
-22 -84 0
-23 -104 0
-24 -124 0
-20 -37 0
-19 -53 0
-21 -69 0
-22 -85 0
-23 -105 0
-24 -125 0
-20 -38 0
-19 -54 0
-21 -70 0
-22 -86 0
-23 -106 0
-24 -126 0
-20 -39 0
-19 -55 0
-21 -71 0
-22 -87 0
-23 -107 0
-24 -127 0
-20 40 0
-19 56 0
-21 72 0
-22 88 0
-23 108 0
-24 128 0
c #### target truth table
c #### {"in":0,"out":0}
c #### {"in":1,"out":0}
c #### {"in":2,"out":0}
c #### {"in":3,"out":0}
c #### {"in":4,"out":0}
c #### {"in":5,"out":0}
c #### {"in":6,"out":0}
c #### {"in":7,"out":0}
c #### {"in":8,"out":0}
c #### {"in":9,"out":0}
c #### {"in":10,"out":0}
c #### {"in":11,"out":0}
c #### {"in":12,"out":0}
c #### {"in":13,"out":0}
c #### {"in":14,"out":0}
c #### {"in":15,"out":1}
c #### variable names
c #### c_4_0_0 1
c #### c_4_1_0 2
c #### c_4_1_1 3
c #### c_4_1_2 4
c #### c_4_1_3 5
c #### c_4_0_1 6
c #### c_4_0_2 7
c #### c_4_0_3 8
c #### c_5_0_0 9
c #### c_5_1_0 10
c #### c_5_1_1 11
c #### c_5_1_2 12
c #### c_5_1_3 13
c #### c_5_1_4 14
c #### c_5_0_1 15
c #### c_5_0_2 16
c #### c_5_0_3 17
c #### c_5_0_4 18
c #### o_1_0 19
c #### o_0_0 20
c #### o_2_0 21
c #### o_3_0 22
c #### o_4_0 23
c #### o_5_0 24
c #### v_0_0 25
c #### v_0_1 26
c #### v_0_2 27
c #### v_0_3 28
c #### v_0_4 29
c #### v_0_5 30
c #### v_0_6 31
c #### v_0_7 32
c #### v_0_8 33
c #### v_0_9 34
c #### v_0_10 35
c #### v_0_11 36
c #### v_0_12 37
c #### v_0_13 38
c #### v_0_14 39
c #### v_0_15 40
c #### v_1_0 41
c #### v_1_1 42
c #### v_1_2 43
c #### v_1_3 44
c #### v_1_4 45
c #### v_1_5 46
c #### v_1_6 47
c #### v_1_7 48
c #### v_1_8 49
c #### v_1_9 50
c #### v_1_10 51
c #### v_1_11 52
c #### v_1_12 53
c #### v_1_13 54
c #### v_1_14 55
c #### v_1_15 56
c #### v_2_0 57
c #### v_2_1 58
c #### v_2_2 59
c #### v_2_3 60
c #### v_2_4 61
c #### v_2_5 62
c #### v_2_6 63
c #### v_2_7 64
c #### v_2_8 65
c #### v_2_9 66
c #### v_2_10 67
c #### v_2_11 68
c #### v_2_12 69
c #### v_2_13 70
c #### v_2_14 71
c #### v_2_15 72
c #### v_3_0 73
c #### v_3_1 74
c #### v_3_2 75
c #### v_3_3 76
c #### v_3_4 77
c #### v_3_5 78
c #### v_3_6 79
c #### v_3_7 80
c #### v_3_8 81
c #### v_3_9 82
c #### v_3_10 83
c #### v_3_11 84
c #### v_3_12 85
c #### v_3_13 86
c #### v_3_14 87
c #### v_3_15 88
c #### v_4_0 89
c #### t_4_0_0 90
c #### t_4_0_1 91
c #### t_4_1_0 92
c #### t_4_1_1 93
c #### v_4_1 94
c #### v_4_2 95
c #### v_4_3 96
c #### v_4_4 97
c #### v_4_5 98
c #### v_4_6 99
c #### v_4_7 100
c #### v_4_8 101
c #### v_4_9 102
c #### v_4_10 103
c #### v_4_11 104
c #### v_4_12 105
c #### v_4_13 106
c #### v_4_14 107
c #### v_4_15 108
c #### v_5_0 109
c #### t_5_0_0 110
c #### t_5_0_1 111
c #### t_5_1_0 112
c #### t_5_1_1 113
c #### v_5_1 114
c #### v_5_2 115
c #### v_5_3 116
c #### v_5_4 117
c #### v_5_5 118
c #### v_5_6 119
c #### v_5_7 120
c #### v_5_8 121
c #### v_5_9 122
c #### v_5_10 123
c #### v_5_11 124
c #### v_5_12 125
c #### v_5_13 126
c #### v_5_14 127
c #### v_5_15 128
