8
9
10
11
10
11
10
11
6
7
8
9
10
11
11
6
7
8
9
10
11
11
11
8
9
10
11
8
9
10
11
8
9
10
11
10
11
10
11
8
9
10
11
6
7
8
9
10
11
10
11
9
10
11
10
11
7
8
9
10
11
8
9
10
11
6
7
8
9
10
11
10
11
9
10
11
9
10
11
9
10
11
10
11
9
10
11
11
9
10
11
6
7
8
9
10
11
10
11
8
9
10
11
7
8
9
10
11
9
10
11
6
7
8
9
10
11
6
7
8
9
10
11
6
7
8
9
10
11
10
11
10
11
9
10
11
9
10
11
8
9
10
11
9
10
11
6
7
8
9
10
11
11
10
11
10
11
9
10
11
10
11
9
10
11
6
7
8
9
10
11
9
10
11
10
11
8
9
10
11
11
4
5
6
7
8
9
10
11
10
11
7
8
9
10
11
10
11
8
9
10
11
8
9
10
11
9
10
11
11+
11+
