81.77572011	67.223237051	74.499478580 57.776567889
65.94905846	63.417570637	64.683314549
100.9415207	84.285372407	92.613446552
66.89935116	60.677320628	63.788335895
75.15647049	64.955575933	70.056023213
111.3730629	73.262940285	92.318001586
128.5216655	91.637645690	110.079655614
105.6151448	73.223232675	89.419188728
87.88140201	63.600614738	75.741008376
124.870149	96.379239214	110.624694103
111.7661236	73.526027322	92.646075483
99.27582642	77.181818064	88.228822243
73.68931227	62.677000733	68.183156501
86.53400531	63.390222552	74.962113929
140.3416038	94.198919526	117.270261687
100.4237942	75.568900645	87.996347428
80.4189515	78.064032574	79.241492038
145.595095	95.831797782	120.713446411
55.85291611	54.585905713	55.219410910
89.27568839	79.908502798	84.592095594
118.5930689	83.832849147	101.212959043
102.3942933	82.686301569	92.540297447
71.47339216	61.061887650	66.267639905
113.8417513	84.325513051	99.083632190
98.53540008	79.943198448	89.239299263
81.2380358	71.813935151	76.525985474
91.94519835	72.640043736	82.292621044
78.4339462	60.430863904	69.432405050
122.3004405	93.671038822	107.985739680
86.83091841	76.185461100	81.508189757
95.34211814	78.819708863	87.080913501
67.35975243	59.484668752	63.422210591
