50.256066461	43.164779780	52.670753993 56.409097623
51.300217796	50.828526866	60.886082812
36.747822196	48.269345330	67.629224116
68.176726808	36.379432444	54.455290094
85.838939008	51.672193713	54.754681373
64.964559354	59.524200113	35.152817682
41.418410324	78.274196608	54.753625843
60.923492430	80.616223250	40.831320567
57.434160687	48.590172567	39.319827463
39.831886224	60.846574318	67.888329434
59.002885550	41.347007860	35.285930998
38.692146558	56.868570486	55.087809706
56.953022123	45.568929945	51.664689196
55.630923012	55.175515263	40.246439798
63.459447890	95.310007896	48.056235203
55.877075365	37.711764750	50.714007079
68.289889061	36.039118332	75.709113644
67.288962540	58.127830942	46.068500525
34.448102577	46.300139730	53.318895320
38.976099127	49.837513669	70.541317206
65.360630604	48.988534937	49.072629356
100.506437075	54.059073065	62.978309813
40.223165939	66.305630806	50.650383140
53.057387570	62.103276068	54.809274774
71.504031683	46.302793082	61.350996818
65.732042572	52.414709878	62.389834506
59.258903619	55.129190090	53.334889121
64.716550749	59.867165357	42.427781612
53.568323409	66.048532232	65.041637105
38.075531143	44.643824436	65.540003785
53.520006424	51.407169574	62.297299587
35.948043533	48.917254341	51.609585072
